   0.0000000e+00   0.0000000e+00   0.0000000e+00   0.0000000e+00   0.0000000e+00   0.0000000e+00   0.0000000e+00   0.0000000e+00   0.0000000e+00   0.0000000e+00   0.0000000e+00   0.0000000e+00   0.0000000e+00   0.0000000e+00   0.0000000e+00   0.0000000e+00   0.0000000e+00   0.0000000e+00   0.0000000e+00   0.0000000e+00   0.0000000e+00   3.7133333e+01   0.0000000e+00   0.0000000e+00   0.0000000e+00   0.0000000e+00   0.0000000e+00   0.0000000e+00   0.0000000e+00   0.0000000e+00   0.0000000e+00   0.0000000e+00   0.0000000e+00   0.0000000e+00   0.0000000e+00   0.0000000e+00   0.0000000e+00   0.0000000e+00   0.0000000e+00   0.0000000e+00   0.0000000e+00   0.0000000e+00   0.0000000e+00   0.0000000e+00   0.0000000e+00   0.0000000e+00   0.0000000e+00   0.0000000e+00   0.0000000e+00   0.0000000e+00   0.0000000e+00   0.0000000e+00   0.0000000e+00   0.0000000e+00   0.0000000e+00   0.0000000e+00   0.0000000e+00   0.0000000e+00   0.0000000e+00   0.0000000e+00   0.0000000e+00   0.0000000e+00   0.0000000e+00   0.0000000e+00   0.0000000e+00   0.0000000e+00
   0.0000000e+00   0.0000000e+00   0.0000000e+00   0.0000000e+00   1.1682523e+01   0.0000000e+00   0.0000000e+00   0.0000000e+00   0.0000000e+00   0.0000000e+00   0.0000000e+00   0.0000000e+00   0.0000000e+00   0.0000000e+00   0.0000000e+00   0.0000000e+00   0.0000000e+00   0.0000000e+00   0.0000000e+00   0.0000000e+00   0.0000000e+00   0.0000000e+00   0.0000000e+00   0.0000000e+00   1.3350000e+02   0.0000000e+00   1.3299592e+01   0.0000000e+00   0.0000000e+00   0.0000000e+00   1.0971065e+01   3.9991858e+01   0.0000000e+00   0.0000000e+00   8.6833333e+00   1.4009649e+01   0.0000000e+00   0.0000000e+00   0.0000000e+00   0.0000000e+00   0.0000000e+00   0.0000000e+00   0.0000000e+00   0.0000000e+00   0.0000000e+00   0.0000000e+00   0.0000000e+00   0.0000000e+00   0.0000000e+00   0.0000000e+00   0.0000000e+00   0.0000000e+00   0.0000000e+00   0.0000000e+00   0.0000000e+00   0.0000000e+00   0.0000000e+00   0.0000000e+00   0.0000000e+00   0.0000000e+00   0.0000000e+00   0.0000000e+00   0.0000000e+00   0.0000000e+00   0.0000000e+00   0.0000000e+00
   0.0000000e+00   0.0000000e+00   0.0000000e+00   1.1330357e+02   0.0000000e+00   0.0000000e+00   1.3612500e+02   0.0000000e+00   8.1794872e+00   0.0000000e+00   0.0000000e+00   0.0000000e+00   3.0835227e+01   1.5912648e+01   0.0000000e+00   0.0000000e+00   0.0000000e+00   0.0000000e+00   0.0000000e+00   0.0000000e+00   0.0000000e+00   4.0640625e+01   0.0000000e+00   0.0000000e+00   0.0000000e+00   0.0000000e+00   0.0000000e+00   0.0000000e+00   0.0000000e+00   0.0000000e+00   0.0000000e+00   0.0000000e+00   0.0000000e+00   0.0000000e+00   0.0000000e+00   0.0000000e+00   0.0000000e+00   0.0000000e+00   0.0000000e+00   0.0000000e+00   0.0000000e+00   0.0000000e+00   0.0000000e+00   0.0000000e+00   0.0000000e+00   0.0000000e+00   0.0000000e+00   0.0000000e+00   0.0000000e+00   0.0000000e+00   0.0000000e+00   0.0000000e+00   0.0000000e+00   0.0000000e+00   0.0000000e+00   0.0000000e+00   0.0000000e+00   0.0000000e+00   0.0000000e+00   0.0000000e+00   0.0000000e+00   0.0000000e+00   0.0000000e+00   0.0000000e+00   0.0000000e+00   0.0000000e+00
   0.0000000e+00   0.0000000e+00   1.1330357e+02   0.0000000e+00   0.0000000e+00   0.0000000e+00   0.0000000e+00   0.0000000e+00   0.0000000e+00   0.0000000e+00   0.0000000e+00   0.0000000e+00   0.0000000e+00   8.8760537e+01   0.0000000e+00   0.0000000e+00   0.0000000e+00   0.0000000e+00   0.0000000e+00   1.4225345e+01   0.0000000e+00   3.9818527e+01   0.0000000e+00   3.3000000e+01   1.7228006e+01   2.2047028e+01   0.0000000e+00   0.0000000e+00   0.0000000e+00   0.0000000e+00   0.0000000e+00   0.0000000e+00   0.0000000e+00   0.0000000e+00   0.0000000e+00   0.0000000e+00   0.0000000e+00   0.0000000e+00   0.0000000e+00   0.0000000e+00   8.7505499e+01   1.0120116e+02   0.0000000e+00   0.0000000e+00   9.2307767e+01   0.0000000e+00   0.0000000e+00   0.0000000e+00   0.0000000e+00   0.0000000e+00   0.0000000e+00   0.0000000e+00   0.0000000e+00   0.0000000e+00   0.0000000e+00   0.0000000e+00   0.0000000e+00   0.0000000e+00   0.0000000e+00   0.0000000e+00   0.0000000e+00   0.0000000e+00   1.0069561e+02   0.0000000e+00   0.0000000e+00   0.0000000e+00
   0.0000000e+00   1.1682523e+01   0.0000000e+00   0.0000000e+00   0.0000000e+00   0.0000000e+00   2.8698799e+01   4.0920635e+01   2.3548572e+01   4.8646689e+01   4.6541667e+01   2.3642346e+01   3.9697786e+01   6.5951440e+01   0.0000000e+00   0.0000000e+00   0.0000000e+00   1.0592857e+02   1.2925000e+02   1.1502083e+02   0.0000000e+00   2.3875000e+01   0.0000000e+00   0.0000000e+00   3.1583333e+01   0.0000000e+00   2.0293599e+01   1.0656250e+01   3.5333333e+01   6.5669643e+00   9.1858311e+00   2.7986111e+01   9.7324948e+00   1.2500948e+01   2.5484375e+01   9.4968621e+00   0.0000000e+00   0.0000000e+00   0.0000000e+00   0.0000000e+00   0.0000000e+00   3.9822059e+01   0.0000000e+00   0.0000000e+00   0.0000000e+00   0.0000000e+00   0.0000000e+00   0.0000000e+00   0.0000000e+00   0.0000000e+00   0.0000000e+00   0.0000000e+00   0.0000000e+00   0.0000000e+00   0.0000000e+00   0.0000000e+00   0.0000000e+00   0.0000000e+00   0.0000000e+00   0.0000000e+00   0.0000000e+00   0.0000000e+00   0.0000000e+00   0.0000000e+00   0.0000000e+00   0.0000000e+00
   0.0000000e+00   0.0000000e+00   0.0000000e+00   0.0000000e+00   0.0000000e+00   0.0000000e+00   0.0000000e+00   7.1785948e+01   0.0000000e+00   7.8300725e+01   2.9066481e+01   1.1270833e+01   0.0000000e+00   2.7404172e+01   2.1019487e+01   2.9338498e+01   0.0000000e+00   0.0000000e+00   1.3250000e+02   0.0000000e+00   0.0000000e+00   0.0000000e+00   0.0000000e+00   0.0000000e+00   0.0000000e+00   0.0000000e+00   0.0000000e+00   0.0000000e+00   0.0000000e+00   0.0000000e+00   0.0000000e+00   0.0000000e+00   0.0000000e+00   0.0000000e+00   0.0000000e+00   0.0000000e+00   0.0000000e+00   0.0000000e+00   0.0000000e+00   0.0000000e+00   0.0000000e+00   0.0000000e+00   0.0000000e+00   0.0000000e+00   0.0000000e+00   0.0000000e+00   0.0000000e+00   0.0000000e+00   0.0000000e+00   0.0000000e+00   0.0000000e+00   0.0000000e+00   0.0000000e+00   0.0000000e+00   0.0000000e+00   0.0000000e+00   0.0000000e+00   0.0000000e+00   0.0000000e+00   0.0000000e+00   0.0000000e+00   0.0000000e+00   0.0000000e+00   0.0000000e+00   0.0000000e+00   0.0000000e+00
   0.0000000e+00   0.0000000e+00   1.3612500e+02   0.0000000e+00   2.8698799e+01   0.0000000e+00   0.0000000e+00   3.2292139e+01   3.4464533e+01   2.6439979e+01   0.0000000e+00   1.0175000e+02   6.3443815e+01   9.6151071e+01   0.0000000e+00   0.0000000e+00   0.0000000e+00   0.0000000e+00   0.0000000e+00   1.4211111e+02   0.0000000e+00   0.0000000e+00   0.0000000e+00   0.0000000e+00   0.0000000e+00   0.0000000e+00   2.2332054e+01   1.9500362e+01   2.1243484e+01   1.2614951e+01   0.0000000e+00   1.7060606e+01   0.0000000e+00   0.0000000e+00   0.0000000e+00   0.0000000e+00   1.8400528e+01   0.0000000e+00   4.5908333e+01   0.0000000e+00   0.0000000e+00   0.0000000e+00   0.0000000e+00   0.0000000e+00   0.0000000e+00   0.0000000e+00   0.0000000e+00   0.0000000e+00   0.0000000e+00   0.0000000e+00   0.0000000e+00   0.0000000e+00   0.0000000e+00   0.0000000e+00   0.0000000e+00   0.0000000e+00   0.0000000e+00   0.0000000e+00   1.3175000e+02   1.2659559e+02   0.0000000e+00   0.0000000e+00   0.0000000e+00   0.0000000e+00   0.0000000e+00   0.0000000e+00
   0.0000000e+00   0.0000000e+00   0.0000000e+00   0.0000000e+00   4.0920635e+01   7.1785948e+01   3.2292139e+01   0.0000000e+00   8.4041346e+01   3.7672525e+01   4.4396820e+01   0.0000000e+00   9.0151182e+01   9.6552018e+01   3.1736275e+01   5.9292237e+01   8.4542472e+01   0.0000000e+00   0.0000000e+00   1.3347499e+02   0.0000000e+00   0.0000000e+00   0.0000000e+00   0.0000000e+00   1.5039583e+02   0.0000000e+00   5.1750000e+01   4.3575000e+01   1.9351679e+01   2.5612897e+01   5.6187500e+01   1.9261716e+01   0.0000000e+00   1.1675000e+02   1.1236073e+02   8.9750000e+01   1.0322405e+02   1.3529319e+02   1.3791864e+02   0.0000000e+00   0.0000000e+00   0.0000000e+00   0.0000000e+00   0.0000000e+00   0.0000000e+00   0.0000000e+00   0.0000000e+00   0.0000000e+00   0.0000000e+00   0.0000000e+00   1.2550000e+02   1.1906525e+02   0.0000000e+00   0.0000000e+00   0.0000000e+00   0.0000000e+00   0.0000000e+00   0.0000000e+00   1.2459137e+02   1.4187473e+02   0.0000000e+00   0.0000000e+00   0.0000000e+00   0.0000000e+00   0.0000000e+00   0.0000000e+00
   0.0000000e+00   0.0000000e+00   8.1794872e+00   0.0000000e+00   2.3548572e+01   0.0000000e+00   3.4464533e+01   8.4041346e+01   0.0000000e+00   4.8341298e+01   5.4179293e+01   2.3449302e+01   2.6527763e+01   2.9323159e+01   0.0000000e+00   9.7690476e+01   1.1090634e+02   1.1705000e+02   1.4184401e+02   1.3819670e+02   1.7037698e+02   0.0000000e+00   0.0000000e+00   5.4312500e+01   1.3934896e+02   0.0000000e+00   3.4000000e+01   0.0000000e+00   0.0000000e+00   0.0000000e+00   0.0000000e+00   0.0000000e+00   0.0000000e+00   0.0000000e+00   0.0000000e+00   0.0000000e+00   0.0000000e+00   0.0000000e+00   0.0000000e+00   0.0000000e+00   0.0000000e+00   0.0000000e+00   0.0000000e+00   0.0000000e+00   0.0000000e+00   0.0000000e+00   0.0000000e+00   0.0000000e+00   0.0000000e+00   0.0000000e+00   0.0000000e+00   0.0000000e+00   0.0000000e+00   0.0000000e+00   0.0000000e+00   0.0000000e+00   0.0000000e+00   0.0000000e+00   0.0000000e+00   0.0000000e+00   0.0000000e+00   0.0000000e+00   0.0000000e+00   0.0000000e+00   0.0000000e+00   0.0000000e+00
   0.0000000e+00   0.0000000e+00   0.0000000e+00   0.0000000e+00   4.8646689e+01   7.8300725e+01   2.6439979e+01   3.7672525e+01   4.8341298e+01   0.0000000e+00   2.8296433e+01   4.0630749e+01   5.0151847e+01   6.2599841e+01   5.7677875e+01   7.5416225e+01   9.2139460e+01   1.1850000e+02   0.0000000e+00   1.0112984e+02   0.0000000e+00   0.0000000e+00   0.0000000e+00   0.0000000e+00   1.0487778e+02   0.0000000e+00   0.0000000e+00   0.0000000e+00   2.6781250e+01   0.0000000e+00   0.0000000e+00   4.5411918e+01   2.4000000e+01   0.0000000e+00   1.0806250e+02   0.0000000e+00   4.8475000e+01   1.1714792e+02   0.0000000e+00   0.0000000e+00   0.0000000e+00   0.0000000e+00   0.0000000e+00   0.0000000e+00   0.0000000e+00   0.0000000e+00   0.0000000e+00   0.0000000e+00   0.0000000e+00   0.0000000e+00   0.0000000e+00   0.0000000e+00   0.0000000e+00   0.0000000e+00   0.0000000e+00   0.0000000e+00   0.0000000e+00   0.0000000e+00   1.1143750e+02   0.0000000e+00   0.0000000e+00   0.0000000e+00   0.0000000e+00   0.0000000e+00   0.0000000e+00   0.0000000e+00
   0.0000000e+00   0.0000000e+00   0.0000000e+00   0.0000000e+00   4.6541667e+01   2.9066481e+01   0.0000000e+00   4.4396820e+01   5.4179293e+01   2.8296433e+01   0.0000000e+00   3.1183861e+01   5.3821821e+01   3.8829107e+01   2.9679610e+01   5.4043953e+01   0.0000000e+00   9.1801019e+01   1.1687500e+02   1.0831250e+02   1.4850000e+02   0.0000000e+00   0.0000000e+00   0.0000000e+00   0.0000000e+00   0.0000000e+00   0.0000000e+00   0.0000000e+00   0.0000000e+00   0.0000000e+00   0.0000000e+00   0.0000000e+00   0.0000000e+00   0.0000000e+00   0.0000000e+00   0.0000000e+00   0.0000000e+00   0.0000000e+00   0.0000000e+00   0.0000000e+00   0.0000000e+00   0.0000000e+00   0.0000000e+00   0.0000000e+00   0.0000000e+00   0.0000000e+00   0.0000000e+00   0.0000000e+00   0.0000000e+00   0.0000000e+00   0.0000000e+00   0.0000000e+00   0.0000000e+00   0.0000000e+00   0.0000000e+00   0.0000000e+00   0.0000000e+00   0.0000000e+00   0.0000000e+00   0.0000000e+00   0.0000000e+00   0.0000000e+00   0.0000000e+00   0.0000000e+00   0.0000000e+00   0.0000000e+00
   0.0000000e+00   0.0000000e+00   0.0000000e+00   0.0000000e+00   2.3642346e+01   1.1270833e+01   1.0175000e+02   0.0000000e+00   2.3449302e+01   4.0630749e+01   3.1183861e+01   0.0000000e+00   2.3486227e+01   2.1365763e+01   0.0000000e+00   7.7972222e+01   0.0000000e+00   1.0453328e+02   1.2967397e+02   0.0000000e+00   0.0000000e+00   0.0000000e+00   0.0000000e+00   0.0000000e+00   0.0000000e+00   0.0000000e+00   0.0000000e+00   0.0000000e+00   0.0000000e+00   0.0000000e+00   0.0000000e+00   0.0000000e+00   0.0000000e+00   0.0000000e+00   0.0000000e+00   0.0000000e+00   0.0000000e+00   0.0000000e+00   0.0000000e+00   0.0000000e+00   0.0000000e+00   0.0000000e+00   0.0000000e+00   0.0000000e+00   0.0000000e+00   0.0000000e+00   0.0000000e+00   0.0000000e+00   0.0000000e+00   0.0000000e+00   0.0000000e+00   0.0000000e+00   0.0000000e+00   0.0000000e+00   0.0000000e+00   0.0000000e+00   0.0000000e+00   0.0000000e+00   0.0000000e+00   0.0000000e+00   0.0000000e+00   0.0000000e+00   0.0000000e+00   0.0000000e+00   0.0000000e+00   0.0000000e+00
   0.0000000e+00   0.0000000e+00   3.0835227e+01   0.0000000e+00   3.9697786e+01   0.0000000e+00   6.3443815e+01   9.0151182e+01   2.6527763e+01   5.0151847e+01   5.3821821e+01   2.3486227e+01   0.0000000e+00   2.8808949e+01   0.0000000e+00   1.0483952e+02   1.0298715e+02   1.1996697e+02   1.3192889e+02   1.3534480e+02   1.6859167e+02   0.0000000e+00   0.0000000e+00   5.3046875e+01   1.3247917e+02   0.0000000e+00   0.0000000e+00   0.0000000e+00   9.2791667e+01   0.0000000e+00   0.0000000e+00   1.1175000e+02   0.0000000e+00   0.0000000e+00   0.0000000e+00   0.0000000e+00   0.0000000e+00   0.0000000e+00   0.0000000e+00   0.0000000e+00   0.0000000e+00   0.0000000e+00   0.0000000e+00   0.0000000e+00   0.0000000e+00   0.0000000e+00   0.0000000e+00   0.0000000e+00   0.0000000e+00   0.0000000e+00   0.0000000e+00   0.0000000e+00   0.0000000e+00   0.0000000e+00   0.0000000e+00   0.0000000e+00   0.0000000e+00   0.0000000e+00   0.0000000e+00   0.0000000e+00   0.0000000e+00   0.0000000e+00   0.0000000e+00   0.0000000e+00   0.0000000e+00   0.0000000e+00
   0.0000000e+00   0.0000000e+00   1.5912648e+01   8.8760537e+01   6.5951440e+01   2.7404172e+01   9.6151071e+01   9.6552018e+01   2.9323159e+01   6.2599841e+01   3.8829107e+01   2.1365763e+01   2.8808949e+01   0.0000000e+00   2.4621774e+01   2.4738883e+01   1.2275000e+02   8.7366998e+01   9.8077918e+01   8.0380876e+01   6.8268854e+01   5.4788158e+01   0.0000000e+00   5.0450000e+01   1.1277292e+02   8.8676667e+01   9.9085797e+01   6.7000000e+01   1.0139420e+02   0.0000000e+00   8.9500000e+01   8.5358333e+01   0.0000000e+00   0.0000000e+00   0.0000000e+00   0.0000000e+00   0.0000000e+00   1.6625000e+02   0.0000000e+00   0.0000000e+00   0.0000000e+00   0.0000000e+00   0.0000000e+00   0.0000000e+00   0.0000000e+00   0.0000000e+00   0.0000000e+00   0.0000000e+00   0.0000000e+00   0.0000000e+00   0.0000000e+00   0.0000000e+00   0.0000000e+00   0.0000000e+00   0.0000000e+00   0.0000000e+00   0.0000000e+00   0.0000000e+00   0.0000000e+00   0.0000000e+00   0.0000000e+00   0.0000000e+00   0.0000000e+00   0.0000000e+00   0.0000000e+00   0.0000000e+00
   0.0000000e+00   0.0000000e+00   0.0000000e+00   0.0000000e+00   0.0000000e+00   2.1019487e+01   0.0000000e+00   3.1736275e+01   0.0000000e+00   5.7677875e+01   2.9679610e+01   0.0000000e+00   0.0000000e+00   2.4621774e+01   0.0000000e+00   3.1205681e+01   5.6907323e+01   1.4250000e+01   1.1875000e+02   1.2133571e+02   0.0000000e+00   0.0000000e+00   0.0000000e+00   0.0000000e+00   1.2411181e+02   0.0000000e+00   0.0000000e+00   0.0000000e+00   0.0000000e+00   2.1411179e+01   0.0000000e+00   2.2224532e+01   5.3250000e+01   0.0000000e+00   9.8476812e+01   0.0000000e+00   1.1142051e+02   0.0000000e+00   0.0000000e+00   0.0000000e+00   0.0000000e+00   0.0000000e+00   0.0000000e+00   0.0000000e+00   0.0000000e+00   0.0000000e+00   0.0000000e+00   0.0000000e+00   0.0000000e+00   0.0000000e+00   1.1994501e+02   1.2319564e+02   0.0000000e+00   0.0000000e+00   0.0000000e+00   0.0000000e+00   0.0000000e+00   0.0000000e+00   1.1723709e+02   0.0000000e+00   0.0000000e+00   0.0000000e+00   0.0000000e+00   0.0000000e+00   0.0000000e+00   0.0000000e+00
   0.0000000e+00   0.0000000e+00   0.0000000e+00   0.0000000e+00   0.0000000e+00   2.9338498e+01   0.0000000e+00   5.9292237e+01   9.7690476e+01   7.5416225e+01   5.4043953e+01   7.7972222e+01   1.0483952e+02   2.4738883e+01   3.1205681e+01   0.0000000e+00   3.4100998e+01   2.7976442e+01   8.5418300e+01   5.9803379e+01   0.0000000e+00   0.0000000e+00   0.0000000e+00   0.0000000e+00   5.7057221e+01   0.0000000e+00   0.0000000e+00   0.0000000e+00   0.0000000e+00   2.1559426e+01   0.0000000e+00   3.3427778e+01   1.6925445e+01   0.0000000e+00   0.0000000e+00   0.0000000e+00   8.3196796e+01   0.0000000e+00   0.0000000e+00   0.0000000e+00   0.0000000e+00   9.8588689e+01   0.0000000e+00   0.0000000e+00   0.0000000e+00   0.0000000e+00   0.0000000e+00   0.0000000e+00   0.0000000e+00   0.0000000e+00   1.1125000e+02   0.0000000e+00   0.0000000e+00   0.0000000e+00   0.0000000e+00   0.0000000e+00   0.0000000e+00   0.0000000e+00   0.0000000e+00   0.0000000e+00   0.0000000e+00   0.0000000e+00   0.0000000e+00   0.0000000e+00   0.0000000e+00   0.0000000e+00
   0.0000000e+00   0.0000000e+00   0.0000000e+00   0.0000000e+00   0.0000000e+00   0.0000000e+00   0.0000000e+00   8.4542472e+01   1.1090634e+02   9.2139460e+01   0.0000000e+00   0.0000000e+00   1.0298715e+02   1.2275000e+02   5.6907323e+01   3.4100998e+01   0.0000000e+00   3.6538068e+01   0.0000000e+00   3.4039155e+01   0.0000000e+00   0.0000000e+00   0.0000000e+00   0.0000000e+00   2.9943042e+01   0.0000000e+00   0.0000000e+00   0.0000000e+00   0.0000000e+00   0.0000000e+00   0.0000000e+00   0.0000000e+00   1.7500000e+01   0.0000000e+00   0.0000000e+00   0.0000000e+00   0.0000000e+00   0.0000000e+00   0.0000000e+00   0.0000000e+00   0.0000000e+00   7.7305556e+01   0.0000000e+00   0.0000000e+00   0.0000000e+00   0.0000000e+00   0.0000000e+00   0.0000000e+00   0.0000000e+00   0.0000000e+00   0.0000000e+00   0.0000000e+00   0.0000000e+00   0.0000000e+00   0.0000000e+00   0.0000000e+00   0.0000000e+00   0.0000000e+00   0.0000000e+00   0.0000000e+00   0.0000000e+00   0.0000000e+00   0.0000000e+00   0.0000000e+00   0.0000000e+00   0.0000000e+00
   0.0000000e+00   0.0000000e+00   0.0000000e+00   0.0000000e+00   1.0592857e+02   0.0000000e+00   0.0000000e+00   0.0000000e+00   1.1705000e+02   1.1850000e+02   9.1801019e+01   1.0453328e+02   1.1996697e+02   8.7366998e+01   1.4250000e+01   2.7976442e+01   3.6538068e+01   0.0000000e+00   2.8160263e+01   2.4078412e+01   0.0000000e+00   2.2500000e+01   0.0000000e+00   0.0000000e+00   6.7132992e+01   0.0000000e+00   0.0000000e+00   0.0000000e+00   0.0000000e+00   0.0000000e+00   0.0000000e+00   0.0000000e+00   0.0000000e+00   0.0000000e+00   0.0000000e+00   0.0000000e+00   0.0000000e+00   0.0000000e+00   0.0000000e+00   0.0000000e+00   0.0000000e+00   0.0000000e+00   0.0000000e+00   0.0000000e+00   0.0000000e+00   0.0000000e+00   0.0000000e+00   0.0000000e+00   0.0000000e+00   0.0000000e+00   0.0000000e+00   0.0000000e+00   0.0000000e+00   0.0000000e+00   0.0000000e+00   0.0000000e+00   0.0000000e+00   0.0000000e+00   0.0000000e+00   0.0000000e+00   0.0000000e+00   0.0000000e+00   0.0000000e+00   0.0000000e+00   0.0000000e+00   0.0000000e+00
   0.0000000e+00   0.0000000e+00   0.0000000e+00   0.0000000e+00   1.2925000e+02   1.3250000e+02   0.0000000e+00   0.0000000e+00   1.4184401e+02   0.0000000e+00   1.1687500e+02   1.2967397e+02   1.3192889e+02   9.8077918e+01   1.1875000e+02   8.5418300e+01   0.0000000e+00   2.8160263e+01   0.0000000e+00   2.3929964e+01   2.0868229e+01   2.5901862e+01   0.0000000e+00   0.0000000e+00   6.7915499e+01   0.0000000e+00   0.0000000e+00   0.0000000e+00   0.0000000e+00   0.0000000e+00   0.0000000e+00   0.0000000e+00   0.0000000e+00   0.0000000e+00   0.0000000e+00   0.0000000e+00   0.0000000e+00   0.0000000e+00   0.0000000e+00   0.0000000e+00   0.0000000e+00   0.0000000e+00   0.0000000e+00   0.0000000e+00   0.0000000e+00   0.0000000e+00   0.0000000e+00   0.0000000e+00   0.0000000e+00   0.0000000e+00   0.0000000e+00   0.0000000e+00   0.0000000e+00   0.0000000e+00   0.0000000e+00   0.0000000e+00   0.0000000e+00   0.0000000e+00   0.0000000e+00   0.0000000e+00   0.0000000e+00   0.0000000e+00   0.0000000e+00   0.0000000e+00   0.0000000e+00   0.0000000e+00
   0.0000000e+00   0.0000000e+00   0.0000000e+00   1.4225345e+01   1.1502083e+02   0.0000000e+00   1.4211111e+02   1.3347499e+02   1.3819670e+02   1.0112984e+02   1.0831250e+02   0.0000000e+00   1.3534480e+02   8.0380876e+01   1.2133571e+02   5.9803379e+01   3.4039155e+01   2.4078412e+01   2.3929964e+01   0.0000000e+00   2.3957017e+01   2.3746448e+01   0.0000000e+00   2.5208333e+01   2.8785915e+01   2.1369878e+01   1.3450121e+02   1.3219533e+02   0.0000000e+00   0.0000000e+00   0.0000000e+00   0.0000000e+00   0.0000000e+00   0.0000000e+00   0.0000000e+00   0.0000000e+00   0.0000000e+00   0.0000000e+00   0.0000000e+00   0.0000000e+00   8.9317773e+01   8.9223672e+01   0.0000000e+00   0.0000000e+00   9.7805565e+01   0.0000000e+00   0.0000000e+00   0.0000000e+00   0.0000000e+00   0.0000000e+00   0.0000000e+00   0.0000000e+00   0.0000000e+00   0.0000000e+00   0.0000000e+00   0.0000000e+00   0.0000000e+00   0.0000000e+00   0.0000000e+00   0.0000000e+00   0.0000000e+00   0.0000000e+00   9.5198304e+01   0.0000000e+00   0.0000000e+00   0.0000000e+00
   0.0000000e+00   0.0000000e+00   0.0000000e+00   0.0000000e+00   0.0000000e+00   0.0000000e+00   0.0000000e+00   0.0000000e+00   1.7037698e+02   0.0000000e+00   1.4850000e+02   0.0000000e+00   1.6859167e+02   6.8268854e+01   0.0000000e+00   0.0000000e+00   0.0000000e+00   0.0000000e+00   2.0868229e+01   2.3957017e+01   0.0000000e+00   2.2665936e+01   0.0000000e+00   0.0000000e+00   5.0653842e+01   0.0000000e+00   0.0000000e+00   0.0000000e+00   0.0000000e+00   0.0000000e+00   0.0000000e+00   0.0000000e+00   0.0000000e+00   0.0000000e+00   0.0000000e+00   0.0000000e+00   0.0000000e+00   0.0000000e+00   0.0000000e+00   0.0000000e+00   0.0000000e+00   1.1722540e+02   0.0000000e+00   0.0000000e+00   0.0000000e+00   0.0000000e+00   0.0000000e+00   0.0000000e+00   0.0000000e+00   0.0000000e+00   0.0000000e+00   0.0000000e+00   0.0000000e+00   0.0000000e+00   0.0000000e+00   0.0000000e+00   0.0000000e+00   0.0000000e+00   0.0000000e+00   0.0000000e+00   0.0000000e+00   0.0000000e+00   0.0000000e+00   0.0000000e+00   0.0000000e+00   0.0000000e+00
   3.7133333e+01   0.0000000e+00   4.0640625e+01   3.9818527e+01   2.3875000e+01   0.0000000e+00   0.0000000e+00   0.0000000e+00   0.0000000e+00   0.0000000e+00   0.0000000e+00   0.0000000e+00   0.0000000e+00   5.4788158e+01   0.0000000e+00   0.0000000e+00   0.0000000e+00   2.2500000e+01   2.5901862e+01   2.3746448e+01   2.2665936e+01   0.0000000e+00   5.8718750e+01   2.8295053e+01   8.6590909e+01   1.8988500e+01   0.0000000e+00   0.0000000e+00   0.0000000e+00   0.0000000e+00   0.0000000e+00   0.0000000e+00   0.0000000e+00   0.0000000e+00   0.0000000e+00   0.0000000e+00   0.0000000e+00   0.0000000e+00   0.0000000e+00   0.0000000e+00   7.4344776e+01   1.3734667e+02   2.4750000e+01   0.0000000e+00   9.7877421e+01   0.0000000e+00   0.0000000e+00   0.0000000e+00   0.0000000e+00   0.0000000e+00   0.0000000e+00   0.0000000e+00   0.0000000e+00   0.0000000e+00   0.0000000e+00   0.0000000e+00   0.0000000e+00   0.0000000e+00   0.0000000e+00   0.0000000e+00   0.0000000e+00   0.0000000e+00   0.0000000e+00   0.0000000e+00   0.0000000e+00   0.0000000e+00
   0.0000000e+00   0.0000000e+00   0.0000000e+00   0.0000000e+00   0.0000000e+00   0.0000000e+00   0.0000000e+00   0.0000000e+00   0.0000000e+00   0.0000000e+00   0.0000000e+00   0.0000000e+00   0.0000000e+00   0.0000000e+00   0.0000000e+00   0.0000000e+00   0.0000000e+00   0.0000000e+00   0.0000000e+00   0.0000000e+00   0.0000000e+00   5.8718750e+01   0.0000000e+00   2.9485653e+01   2.5687014e+01   3.1137393e+01   0.0000000e+00   7.9500000e+01   0.0000000e+00   4.5898490e+01   7.1630800e+01   8.7579841e+01   3.8527356e+01   1.7261905e+01   7.3391667e+01   7.7500000e+01   0.0000000e+00   0.0000000e+00   0.0000000e+00   0.0000000e+00   0.0000000e+00   5.0198280e+01   2.5860026e+01   1.7549326e+01   0.0000000e+00   0.0000000e+00   0.0000000e+00   0.0000000e+00   0.0000000e+00   0.0000000e+00   0.0000000e+00   0.0000000e+00   0.0000000e+00   0.0000000e+00   0.0000000e+00   0.0000000e+00   0.0000000e+00   0.0000000e+00   0.0000000e+00   0.0000000e+00   0.0000000e+00   0.0000000e+00   0.0000000e+00   0.0000000e+00   0.0000000e+00   0.0000000e+00
   0.0000000e+00   0.0000000e+00   0.0000000e+00   3.3000000e+01   0.0000000e+00   0.0000000e+00   0.0000000e+00   0.0000000e+00   5.4312500e+01   0.0000000e+00   0.0000000e+00   0.0000000e+00   5.3046875e+01   5.0450000e+01   0.0000000e+00   0.0000000e+00   0.0000000e+00   0.0000000e+00   0.0000000e+00   2.5208333e+01   0.0000000e+00   2.8295053e+01   2.9485653e+01   0.0000000e+00   2.8886815e+01   2.3954351e+01   0.0000000e+00   0.0000000e+00   0.0000000e+00   0.0000000e+00   1.0291465e+02   1.0697765e+02   5.9452599e+01   0.0000000e+00   0.0000000e+00   7.9069444e+01   0.0000000e+00   0.0000000e+00   0.0000000e+00   0.0000000e+00   3.7434043e+01   4.3941667e+01   2.6193129e+01   4.4643939e+01   0.0000000e+00   0.0000000e+00   0.0000000e+00   0.0000000e+00   0.0000000e+00   0.0000000e+00   0.0000000e+00   0.0000000e+00   0.0000000e+00   0.0000000e+00   0.0000000e+00   0.0000000e+00   0.0000000e+00   0.0000000e+00   0.0000000e+00   0.0000000e+00   0.0000000e+00   0.0000000e+00   0.0000000e+00   0.0000000e+00   0.0000000e+00   0.0000000e+00
   0.0000000e+00   1.3350000e+02   0.0000000e+00   1.7228006e+01   3.1583333e+01   0.0000000e+00   0.0000000e+00   1.5039583e+02   1.3934896e+02   1.0487778e+02   0.0000000e+00   0.0000000e+00   1.3247917e+02   1.1277292e+02   1.2411181e+02   5.7057221e+01   2.9943042e+01   6.7132992e+01   6.7915499e+01   2.8785915e+01   5.0653842e+01   8.6590909e+01   2.5687014e+01   2.8886815e+01   0.0000000e+00   3.0357701e+01   1.5800000e+02   0.0000000e+00   0.0000000e+00   3.3628767e+01   1.0840498e+02   9.8160709e+01   3.0731943e+01   4.1301179e+01   9.4849608e+01   0.0000000e+00   7.3007254e+01   0.0000000e+00   0.0000000e+00   0.0000000e+00   9.0438399e+01   8.3230259e+01   4.2208450e+01   4.4486644e+01   1.3182541e+02   0.0000000e+00   7.1000000e+01   0.0000000e+00   0.0000000e+00   7.4889740e+01   0.0000000e+00   0.0000000e+00   0.0000000e+00   0.0000000e+00   0.0000000e+00   0.0000000e+00   0.0000000e+00   0.0000000e+00   0.0000000e+00   0.0000000e+00   0.0000000e+00   0.0000000e+00   1.0516310e+02   0.0000000e+00   0.0000000e+00   0.0000000e+00
   0.0000000e+00   0.0000000e+00   0.0000000e+00   2.2047028e+01   0.0000000e+00   0.0000000e+00   0.0000000e+00   0.0000000e+00   0.0000000e+00   0.0000000e+00   0.0000000e+00   0.0000000e+00   0.0000000e+00   8.8676667e+01   0.0000000e+00   0.0000000e+00   0.0000000e+00   0.0000000e+00   0.0000000e+00   2.1369878e+01   0.0000000e+00   1.8988500e+01   3.1137393e+01   2.3954351e+01   3.0357701e+01   0.0000000e+00   0.0000000e+00   0.0000000e+00   0.0000000e+00   0.0000000e+00   1.2483333e+02   1.3310559e+02   0.0000000e+00   0.0000000e+00   0.0000000e+00   0.0000000e+00   0.0000000e+00   0.0000000e+00   0.0000000e+00   0.0000000e+00   6.3327417e+01   9.8516098e+01   3.5082723e+01   0.0000000e+00   7.5865140e+01   0.0000000e+00   0.0000000e+00   0.0000000e+00   0.0000000e+00   0.0000000e+00   0.0000000e+00   0.0000000e+00   0.0000000e+00   0.0000000e+00   0.0000000e+00   0.0000000e+00   0.0000000e+00   0.0000000e+00   0.0000000e+00   0.0000000e+00   0.0000000e+00   0.0000000e+00   9.6593915e+01   0.0000000e+00   0.0000000e+00   0.0000000e+00
   0.0000000e+00   1.3299592e+01   0.0000000e+00   0.0000000e+00   2.0293599e+01   0.0000000e+00   2.2332054e+01   5.1750000e+01   3.4000000e+01   0.0000000e+00   0.0000000e+00   0.0000000e+00   0.0000000e+00   9.9085797e+01   0.0000000e+00   0.0000000e+00   0.0000000e+00   0.0000000e+00   0.0000000e+00   1.3450121e+02   0.0000000e+00   0.0000000e+00   0.0000000e+00   0.0000000e+00   1.5800000e+02   0.0000000e+00   0.0000000e+00   1.9019591e+01   3.6178011e+01   0.0000000e+00   1.2500151e+01   2.7181401e+01   5.1071429e+01   5.8250000e+01   1.7000000e+01   0.0000000e+00   0.0000000e+00   5.1043386e+01   2.0704025e+01   1.6999656e+01   0.0000000e+00   0.0000000e+00   0.0000000e+00   0.0000000e+00   0.0000000e+00   0.0000000e+00   0.0000000e+00   0.0000000e+00   0.0000000e+00   0.0000000e+00   0.0000000e+00   0.0000000e+00   0.0000000e+00   0.0000000e+00   0.0000000e+00   0.0000000e+00   0.0000000e+00   0.0000000e+00   0.0000000e+00   0.0000000e+00   0.0000000e+00   0.0000000e+00   0.0000000e+00   0.0000000e+00   0.0000000e+00   0.0000000e+00
   0.0000000e+00   0.0000000e+00   0.0000000e+00   0.0000000e+00   1.0656250e+01   0.0000000e+00   1.9500362e+01   4.3575000e+01   0.0000000e+00   0.0000000e+00   0.0000000e+00   0.0000000e+00   0.0000000e+00   6.7000000e+01   0.0000000e+00   0.0000000e+00   0.0000000e+00   0.0000000e+00   0.0000000e+00   1.3219533e+02   0.0000000e+00   0.0000000e+00   7.9500000e+01   0.0000000e+00   0.0000000e+00   0.0000000e+00   1.9019591e+01   0.0000000e+00   2.3553527e+01   0.0000000e+00   2.7741199e+01   2.5538351e+01   0.0000000e+00   0.0000000e+00   4.7208333e+01   0.0000000e+00   0.0000000e+00   2.8811976e+01   1.7229292e+01   1.6583057e+01   0.0000000e+00   0.0000000e+00   0.0000000e+00   0.0000000e+00   0.0000000e+00   0.0000000e+00   0.0000000e+00   0.0000000e+00   0.0000000e+00   0.0000000e+00   0.0000000e+00   0.0000000e+00   0.0000000e+00   0.0000000e+00   0.0000000e+00   0.0000000e+00   0.0000000e+00   0.0000000e+00   0.0000000e+00   1.3462500e+02   0.0000000e+00   0.0000000e+00   0.0000000e+00   0.0000000e+00   0.0000000e+00   0.0000000e+00
   0.0000000e+00   0.0000000e+00   0.0000000e+00   0.0000000e+00   3.5333333e+01   0.0000000e+00   2.1243484e+01   1.9351679e+01   0.0000000e+00   2.6781250e+01   0.0000000e+00   0.0000000e+00   9.2791667e+01   1.0139420e+02   0.0000000e+00   0.0000000e+00   0.0000000e+00   0.0000000e+00   0.0000000e+00   0.0000000e+00   0.0000000e+00   0.0000000e+00   0.0000000e+00   0.0000000e+00   0.0000000e+00   0.0000000e+00   3.6178011e+01   2.3553527e+01   0.0000000e+00   0.0000000e+00   4.6536982e+01   2.1394314e+01   0.0000000e+00   0.0000000e+00   1.1349694e+02   7.6500000e+01   0.0000000e+00   7.8465483e+01   4.3457650e+01   3.5669468e+01   0.0000000e+00   0.0000000e+00   0.0000000e+00   0.0000000e+00   0.0000000e+00   0.0000000e+00   0.0000000e+00   0.0000000e+00   0.0000000e+00   0.0000000e+00   0.0000000e+00   0.0000000e+00   0.0000000e+00   0.0000000e+00   0.0000000e+00   0.0000000e+00   0.0000000e+00   0.0000000e+00   1.3988004e+02   1.3519281e+02   0.0000000e+00   0.0000000e+00   0.0000000e+00   0.0000000e+00   0.0000000e+00   0.0000000e+00
   0.0000000e+00   0.0000000e+00   0.0000000e+00   0.0000000e+00   6.5669643e+00   0.0000000e+00   1.2614951e+01   2.5612897e+01   0.0000000e+00   0.0000000e+00   0.0000000e+00   0.0000000e+00   0.0000000e+00   0.0000000e+00   2.1411179e+01   2.1559426e+01   0.0000000e+00   0.0000000e+00   0.0000000e+00   0.0000000e+00   0.0000000e+00   0.0000000e+00   4.5898490e+01   0.0000000e+00   3.3628767e+01   0.0000000e+00   0.0000000e+00   0.0000000e+00   0.0000000e+00   0.0000000e+00   2.1573021e+01   3.6198658e+01   3.0273114e+01   4.1390177e+01   8.4519380e+01   2.0750000e+01   7.1323664e+01   0.0000000e+00   0.0000000e+00   0.0000000e+00   0.0000000e+00   5.6143360e+01   0.0000000e+00   9.2333333e+01   0.0000000e+00   0.0000000e+00   0.0000000e+00   0.0000000e+00   0.0000000e+00   0.0000000e+00   9.3035013e+01   9.6187620e+01   0.0000000e+00   0.0000000e+00   0.0000000e+00   0.0000000e+00   0.0000000e+00   0.0000000e+00   1.2364653e+02   0.0000000e+00   0.0000000e+00   0.0000000e+00   0.0000000e+00   0.0000000e+00   0.0000000e+00   0.0000000e+00
   0.0000000e+00   1.0971065e+01   0.0000000e+00   0.0000000e+00   9.1858311e+00   0.0000000e+00   0.0000000e+00   5.6187500e+01   0.0000000e+00   0.0000000e+00   0.0000000e+00   0.0000000e+00   0.0000000e+00   8.9500000e+01   0.0000000e+00   0.0000000e+00   0.0000000e+00   0.0000000e+00   0.0000000e+00   0.0000000e+00   0.0000000e+00   0.0000000e+00   7.1630800e+01   1.0291465e+02   1.0840498e+02   1.2483333e+02   1.2500151e+01   2.7741199e+01   4.6536982e+01   2.1573021e+01   0.0000000e+00   3.0946836e+01   3.5592294e+01   3.5095891e+01   3.8082670e+01   1.9359339e+01   3.7244444e+01   5.4605489e+01   3.8000000e+01   0.0000000e+00   0.0000000e+00   0.0000000e+00   9.0000000e+01   7.6553333e+01   0.0000000e+00   0.0000000e+00   0.0000000e+00   0.0000000e+00   0.0000000e+00   0.0000000e+00   0.0000000e+00   0.0000000e+00   0.0000000e+00   0.0000000e+00   0.0000000e+00   0.0000000e+00   0.0000000e+00   0.0000000e+00   0.0000000e+00   0.0000000e+00   0.0000000e+00   0.0000000e+00   0.0000000e+00   0.0000000e+00   0.0000000e+00   0.0000000e+00
   0.0000000e+00   3.9991858e+01   0.0000000e+00   0.0000000e+00   2.7986111e+01   0.0000000e+00   1.7060606e+01   1.9261716e+01   0.0000000e+00   4.5411918e+01   0.0000000e+00   0.0000000e+00   1.1175000e+02   8.5358333e+01   2.2224532e+01   3.3427778e+01   0.0000000e+00   0.0000000e+00   0.0000000e+00   0.0000000e+00   0.0000000e+00   0.0000000e+00   8.7579841e+01   1.0697765e+02   9.8160709e+01   1.3310559e+02   2.7181401e+01   2.5538351e+01   2.1394314e+01   3.6198658e+01   3.0946836e+01   0.0000000e+00   5.3432496e+01   5.5530885e+01   6.9675950e+01   3.4585377e+01   9.2152853e+01   7.4776211e+01   4.4546520e+01   5.4469907e+01   0.0000000e+00   1.1405878e+02   1.3401190e+02   9.5680101e+01   0.0000000e+00   0.0000000e+00   0.0000000e+00   0.0000000e+00   0.0000000e+00   0.0000000e+00   9.7318182e+01   1.2332643e+02   0.0000000e+00   0.0000000e+00   0.0000000e+00   0.0000000e+00   0.0000000e+00   0.0000000e+00   1.1261037e+02   1.3866472e+02   0.0000000e+00   0.0000000e+00   0.0000000e+00   0.0000000e+00   0.0000000e+00   0.0000000e+00
   0.0000000e+00   0.0000000e+00   0.0000000e+00   0.0000000e+00   9.7324948e+00   0.0000000e+00   0.0000000e+00   0.0000000e+00   0.0000000e+00   2.4000000e+01   0.0000000e+00   0.0000000e+00   0.0000000e+00   0.0000000e+00   5.3250000e+01   1.6925445e+01   1.7500000e+01   0.0000000e+00   0.0000000e+00   0.0000000e+00   0.0000000e+00   0.0000000e+00   3.8527356e+01   5.9452599e+01   3.0731943e+01   0.0000000e+00   5.1071429e+01   0.0000000e+00   0.0000000e+00   3.0273114e+01   3.5592294e+01   5.3432496e+01   0.0000000e+00   1.9205773e+01   5.9626396e+01   2.6764247e+01   4.5759477e+01   0.0000000e+00   0.0000000e+00   0.0000000e+00   0.0000000e+00   5.1014400e+01   0.0000000e+00   3.8905535e+01   0.0000000e+00   0.0000000e+00   0.0000000e+00   0.0000000e+00   0.0000000e+00   0.0000000e+00   0.0000000e+00   0.0000000e+00   0.0000000e+00   0.0000000e+00   0.0000000e+00   0.0000000e+00   0.0000000e+00   0.0000000e+00   0.0000000e+00   0.0000000e+00   0.0000000e+00   0.0000000e+00   0.0000000e+00   0.0000000e+00   0.0000000e+00   0.0000000e+00
   0.0000000e+00   0.0000000e+00   0.0000000e+00   0.0000000e+00   1.2500948e+01   0.0000000e+00   0.0000000e+00   1.1675000e+02   0.0000000e+00   0.0000000e+00   0.0000000e+00   0.0000000e+00   0.0000000e+00   0.0000000e+00   0.0000000e+00   0.0000000e+00   0.0000000e+00   0.0000000e+00   0.0000000e+00   0.0000000e+00   0.0000000e+00   0.0000000e+00   1.7261905e+01   0.0000000e+00   4.1301179e+01   0.0000000e+00   5.8250000e+01   0.0000000e+00   0.0000000e+00   4.1390177e+01   3.5095891e+01   5.5530885e+01   1.9205773e+01   0.0000000e+00   4.8877120e+01   3.3410951e+01   2.6076427e+01   0.0000000e+00   7.0069444e+01   8.3947368e+01   0.0000000e+00   4.1319904e+01   6.8803560e+01   3.7887124e+01   0.0000000e+00   0.0000000e+00   0.0000000e+00   0.0000000e+00   0.0000000e+00   1.1432176e+01   2.0784327e+01   4.5187500e+01   0.0000000e+00   0.0000000e+00   0.0000000e+00   0.0000000e+00   0.0000000e+00   0.0000000e+00   5.4777778e+01   0.0000000e+00   0.0000000e+00   0.0000000e+00   0.0000000e+00   0.0000000e+00   0.0000000e+00   0.0000000e+00
   0.0000000e+00   8.6833333e+00   0.0000000e+00   0.0000000e+00   2.5484375e+01   0.0000000e+00   0.0000000e+00   1.1236073e+02   0.0000000e+00   1.0806250e+02   0.0000000e+00   0.0000000e+00   0.0000000e+00   0.0000000e+00   9.8476812e+01   0.0000000e+00   0.0000000e+00   0.0000000e+00   0.0000000e+00   0.0000000e+00   0.0000000e+00   0.0000000e+00   7.3391667e+01   0.0000000e+00   9.4849608e+01   0.0000000e+00   1.7000000e+01   4.7208333e+01   1.1349694e+02   8.4519380e+01   3.8082670e+01   6.9675950e+01   5.9626396e+01   4.8877120e+01   0.0000000e+00   2.9137347e+01   2.9556197e+01   2.4639932e+01   2.5445288e+01   3.0960862e+01   1.1942624e+02   9.8016174e+01   1.0986368e+02   8.8194208e+01   0.0000000e+00   0.0000000e+00   0.0000000e+00   1.2620000e+02   0.0000000e+00   0.0000000e+00   4.9041667e+01   2.8058703e+01   7.7250000e+01   0.0000000e+00   0.0000000e+00   0.0000000e+00   4.8046316e+01   0.0000000e+00   1.8502818e+01   1.0000000e+01   0.0000000e+00   4.6708333e+01   0.0000000e+00   0.0000000e+00   6.0791667e+01   0.0000000e+00
   0.0000000e+00   1.4009649e+01   0.0000000e+00   0.0000000e+00   9.4968621e+00   0.0000000e+00   0.0000000e+00   8.9750000e+01   0.0000000e+00   0.0000000e+00   0.0000000e+00   0.0000000e+00   0.0000000e+00   0.0000000e+00   0.0000000e+00   0.0000000e+00   0.0000000e+00   0.0000000e+00   0.0000000e+00   0.0000000e+00   0.0000000e+00   0.0000000e+00   7.7500000e+01   7.9069444e+01   0.0000000e+00   0.0000000e+00   0.0000000e+00   0.0000000e+00   7.6500000e+01   2.0750000e+01   1.9359339e+01   3.4585377e+01   2.6764247e+01   3.3410951e+01   2.9137347e+01   0.0000000e+00   1.2776232e+01   4.9287992e+01   2.2997328e+01   1.2561059e+01   9.8416667e+01   1.0838035e+02   9.9733214e+01   7.2244459e+01   0.0000000e+00   0.0000000e+00   0.0000000e+00   0.0000000e+00   0.0000000e+00   0.0000000e+00   0.0000000e+00   0.0000000e+00   0.0000000e+00   0.0000000e+00   0.0000000e+00   0.0000000e+00   0.0000000e+00   0.0000000e+00   5.2160714e+01   0.0000000e+00   0.0000000e+00   7.2500000e+00   0.0000000e+00   0.0000000e+00   1.4854245e+01   0.0000000e+00
   0.0000000e+00   0.0000000e+00   0.0000000e+00   0.0000000e+00   0.0000000e+00   0.0000000e+00   1.8400528e+01   1.0322405e+02   0.0000000e+00   4.8475000e+01   0.0000000e+00   0.0000000e+00   0.0000000e+00   0.0000000e+00   1.1142051e+02   8.3196796e+01   0.0000000e+00   0.0000000e+00   0.0000000e+00   0.0000000e+00   0.0000000e+00   0.0000000e+00   0.0000000e+00   0.0000000e+00   7.3007254e+01   0.0000000e+00   0.0000000e+00   0.0000000e+00   0.0000000e+00   7.1323664e+01   3.7244444e+01   9.2152853e+01   4.5759477e+01   2.6076427e+01   2.9556197e+01   1.2776232e+01   0.0000000e+00   0.0000000e+00   0.0000000e+00   0.0000000e+00   0.0000000e+00   3.1321973e+01   0.0000000e+00   8.6500000e+01   0.0000000e+00   0.0000000e+00   0.0000000e+00   0.0000000e+00   0.0000000e+00   1.5500000e+01   2.0366287e+01   2.1253813e+01   0.0000000e+00   0.0000000e+00   0.0000000e+00   0.0000000e+00   0.0000000e+00   0.0000000e+00   2.0890972e+01   0.0000000e+00   0.0000000e+00   0.0000000e+00   0.0000000e+00   0.0000000e+00   0.0000000e+00   0.0000000e+00
